
palettes <-
    list(
        "palette_01" = c("264653", "2A9D8F", "E9C46A", "F4A261", "E76F51"),
        "palette_02" = c("F94144", "F3722C", "F8961E", "F9C74F", "90BE6D", "43AA8B", "577590")
    )
